1,1,52.98,60.03,122.12,59.17999999999999,1,1,0.0
1,2,0.0,12.27,17.21,28.599999999999998,1,1,1.0
1,3,95.1,0.0,224.53,63.06,1,1,0.0
2,1,32.0,57.78,120.62,56.22,1,1,0.0
2,2,0.0,12.27,9.4,28.599999999999998,1,1,1.0
2,3,95.1,0.0,224.53,62.94,1,1,0.0
3,1,20.02,53.3,113.08,55.46000000000001,1,1,0.0
3,4,314.43,0.0,394.46999999999997,112.5,1,1,0.0
3,3,95.1,0.0,224.53,62.83,1,1,0.0
4,1,3.54,48.8,107.86,54.71000000000001,1,1,0.0
4,4,314.43,0.0,393.84,112.5,1,1,0.0
4,3,95.1,0.0,224.53,62.71,1,1,0.0
5,1,0.0,48.05,93.4,54.71000000000001,1,1,0.0
5,4,314.43,0.0,393.21,112.5,1,1,0.0
5,3,95.1,0.0,224.53,62.59,1,1,0.0
6,1,0.0,48.05,76.9,54.71000000000001,1,1,0.0
6,4,314.43,0.0,392.58,112.5,1,1,0.0
6,3,95.1,0.0,224.53,62.47,1,1,0.0
7,1,0.0,45.05,58.9,48.75,1,1,0.0
7,4,314.43,0.0,391.96,112.5,1,1,0.0
7,3,95.1,0.0,224.53,62.35,1,1,0.0
8,1,0.0,45.05,44.7,48.75,1,1,0.0
8,4,314.43,0.0,391.33,112.5,1,1,0.0
8,3,95.1,0.0,224.53,62.24,1,1,0.0
9,1,0.0,45.05,29.0,48.75,1,1,0.0
9,4,314.43,0.0,390.7,112.5,1,1,0.0
9,3,95.1,0.0,224.53,62.12,1,1,0.0
10,5,921.26,179.89,38.74000000000001,80.16000000000003,1,1,1.0
10,4,314.43,0.0,390.07,112.5,1,1,0.0
10,3,95.1,0.0,224.53,62.0,1,1,0.0
11,5,870.3,179.89,89.70000000000005,85.41000000000003,1,1,1.0
11,4,314.43,0.0,389.99999999999994,112.5,1,1,0.0
11,3,95.1,0.0,224.53,61.88,1,1,0.0
12,5,825.4,170.9,134.60000000000002,85.41,1,1,1.0
12,4,314.43,0.0,389.93,112.5,1,1,0.0
12,3,95.1,0.0,224.53,61.76,1,1,0.0
13,5,783.4,161.9,176.60000000000002,87.69999999999999,1,1,1.0
13,4,314.43,0.0,389.85999999999996,112.5,1,1,0.0
13,3,95.1,0.0,224.53,61.65,1,1,0.0
14,5,739.2,149.2,220.79999999999995,119.10000000000002,1,1,1.0
14,6,0.0,178.4,18.52,51.68000000000001,1,1,1.0
14,4,314.43,0.0,389.79,112.5,1,1,0.0
14,3,95.1,0.0,224.53,61.53,1,1,0.0
15,5,698.8,142.46,261.20000000000005,113.84,1,1,1.0
15,6,0.0,165.7,36.5,71.9,1,1,1.0
15,4,314.43,0.0,389.71999999999997,112.5,1,1,0.0
15,3,95.1,0.0,224.53,61.41,1,1,0.0
16,5,660.59,135.71,261.19999999999993,113.85,1,1,1.0
16,6,0.0,165.7,54.1,89.15,1,1,1.0
16,4,314.43,0.0,389.65000000000003,112.5,1,1,0.0
16,3,95.1,0.0,224.53,61.29,1,1,0.0
17,5,621.7,130.69,261.80999999999995,108.14000000000001,1,1,1.0
17,6,0.0,165.7,71.7,106.40000000000003,1,1,1.0
17,4,314.43,0.0,389.59,112.5,1,1,0.0
17,3,95.1,0.0,224.53,61.17,1,1,0.0
18,5,582.8,125.67,262.43000000000006,102.42999999999999,1,1,1.0
18,6,0.0,170.95,93.8,110.90000000000003,1,1,1.0
18,4,314.43,0.0,389.52000000000004,112.5,1,1,0.0
18,3,95.1,0.0,224.53,61.06,1,1,0.0
19,5,554.22,116.2,238.48000000000002,101.8,1,1,1.0
19,6,0.0,176.2,115.9,115.40000000000003,1,1,1.0
19,4,314.43,0.0,389.45,112.5,1,1,0.0
19,3,95.1,0.0,224.53,60.94,1,1,0.0
20,5,525.65,111.81,228.55000000000007,98.6,1,1,1.0
20,6,0.0,183.93,142.1,122.39999999999998,1,1,1.0
20,4,314.43,0.0,389.37999999999994,112.5,1,1,0.0
20,3,95.1,0.0,224.53,60.82,1,1,0.0
21,5,497.07,107.43,214.53000000000003,95.4,1,1,1.0
21,6,0.0,191.67,168.3,129.4,1,1,1.0
21,4,314.43,0.0,389.31,112.5,1,1,0.0
21,3,95.1,0.0,224.53,60.7,1,1,0.0
22,5,458.0,103.04,216.79999999999995,92.2,1,1,1.0
22,6,0.0,199.4,194.5,136.4,1,1,1.0
22,4,314.43,0.0,389.23999999999995,112.5,1,1,0.0
22,3,95.1,0.0,224.53,60.58,1,1,0.0
23,5,432.05,98.66,207.7,89.0,1,1,1.0
23,6,18.35,208.75,209.85,143.55,1,1,1.0
23,4,314.43,0.0,389.17,112.5,1,1,0.0
23,3,95.1,0.0,224.53,60.47,1,1,0.0
24,5,406.09,94.27,198.61000000000007,85.8,1,1,1.0
24,6,36.71,218.1,225.18999999999997,150.70000000000002,1,1,1.0
24,4,314.2,0.0,389.40000000000003,112.34,1,1,0.0
24,3,95.1,0.0,224.53,60.35,1,1,0.0
25,5,380.14,89.89,189.46000000000004,82.60000000000001,1,1,1.0
25,6,63.12,229.53,242.43,162.11999999999998,1,1,1.0
25,4,313.97,0.0,389.63,112.17,1,1,0.0
25,3,95.1,0.0,224.53,60.23,1,1,0.0
26,5,354.19,85.5,184.81,79.4,1,1,1.0
26,6,89.52,240.95,259.68,173.55,1,1,1.0
26,4,313.73,0.0,389.87,112.01,1,1,0.0
26,3,95.1,0.0,224.53,60.11,1,1,0.0
27,5,333.96,81.75,176.59000000000003,79.4,1,1,1.0
27,6,115.93,252.38,276.92,184.97000000000003,1,1,1.0
27,4,313.5,0.0,390.1,111.84,1,1,0.0
27,3,95.1,0.0,224.53,59.99,1,1,0.0
28,5,312.97,78.46,171.05999999999995,76.74,1,1,1.0
28,6,142.34,263.8,294.15999999999997,196.39999999999998,1,1,1.0
28,4,313.27,0.0,390.33000000000004,111.68,1,1,0.0
28,3,95.1,0.0,224.53,59.88,1,1,0.0
29,5,291.99,75.16,165.52999999999997,74.09,1,1,1.0
29,7,915.26,167.9,44.74000000000001,82.41,1,1,1.0
29,6,178.29,279.03,320.89,207.77000000000004,1,1,1.0
29,4,313.03,0.0,390.57000000000005,111.51,1,1,0.0
29,3,95.1,0.0,224.53,59.76,1,1,0.0
30,5,271.0,71.87,160.0,71.43,1,1,1.0
30,7,868.97,159.53,91.02999999999997,88.33000000000001,1,1,1.0
30,6,214.25,294.27,347.61,219.13,1,1,1.0
30,4,312.8,0.0,390.8,111.35,1,1,0.0
30,3,95.1,0.0,224.53,59.64,1,1,0.0
31,5,254.42,68.57,155.52,70.54000000000002,1,1,1.0
31,7,822.68,151.15,137.32000000000005,94.25999999999999,1,1,1.0
31,6,250.2,309.5,374.34,230.5,1,1,1.0
31,4,312.57,0.0,391.03000000000003,111.18,1,1,0.0
31,3,95.1,0.0,224.53,59.52,1,1,0.0
32,5,237.83,65.27,151.05999999999997,69.66000000000001,1,1,1.0
32,7,776.39,142.78,183.61,100.16999999999999,1,1,1.0
32,6,298.9,329.7,374.33000000000004,210.3,1,1,1.0
32,4,312.33,0.0,391.27000000000004,111.02,1,1,0.0
32,3,95.1,0.0,224.53,59.4,1,1,0.0
33,5,221.25,61.98,146.57999999999998,68.76000000000002,1,1,1.0
33,7,730.1,134.4,229.89999999999998,106.1,1,1,1.0
33,6,351.7,351.05,406.19,188.95,1,1,1.0
33,4,312.1,0.0,391.5,110.85,1,1,0.0
33,3,95.1,0.0,224.53,59.29,1,1,0.0
34,5,204.66,58.68,142.10999999999999,67.88,1,1,1.0
34,7,692.2,122.8,246.19999999999993,105.85000000000001,1,1,1.0
34,6,404.5,372.4,438.03999999999996,167.60000000000002,1,1,1.0
34,4,311.87,0.0,391.73,110.69,1,1,0.0
34,3,95.1,0.0,224.53,59.17,1,1,0.0
35,5,188.08,55.38,137.62999999999997,66.99000000000001,1,1,1.0
35,7,651.6,116.5,242.5,102.94,1,1,1.0
35,6,474.55,397.1,420.06,142.89999999999998,1,1,1.0
35,4,311.63,0.0,391.97,110.52,1,1,0.0
35,3,95.1,0.0,224.53,59.05,1,1,0.0
36,5,171.5,52.09,133.16000000000003,66.1,1,1,1.0
36,7,616.75,109.34,236.39,99.03,1,1,1.0
36,6,544.6,421.8,402.0799999999999,118.19999999999999,1,1,1.0
36,4,311.4,0.0,392.20000000000005,110.36,1,1,0.0
36,3,95.1,0.0,224.53,58.93,1,1,0.0
37,5,154.91,48.79,128.69000000000003,65.21000000000001,1,1,1.0
37,7,581.9,102.18,230.27999999999997,95.12,1,1,1.0
37,6,638.25,451.75,315.09000000000003,88.25,1,1,1.0
37,4,311.17,0.0,392.43,110.19,1,1,0.0
37,3,95.1,0.0,224.53,58.81,1,1,0.0
38,5,142.9,48.79,122.70000000000002,61.51,1,1,1.0
38,7,544.8,96.9,224.18000000000006,94.91999999999999,1,1,1.0
38,6,731.9,481.7,228.10000000000002,58.30000000000001,1,1,1.0
38,4,310.93,0.0,392.67,110.03,1,1,0.0
38,3,95.1,0.0,224.53,58.7,1,1,0.0
39,5,127.2,46.5,120.39999999999999,61.599999999999994,1,1,1.0
39,7,513.2,88.9,214.06999999999994,93.71000000000001,1,1,1.0
39,4,310.7,0.0,392.90000000000003,109.86,1,1,0.0
39,3,95.1,0.0,224.53,58.58,1,1,0.0
40,5,115.59,44.25,116.66,60.099999999999994,1,1,1.0
40,7,481.6,83.85,200.19999999999993,89.56,1,1,1.0
40,4,310.47,0.0,393.13,109.7,1,1,0.0
40,3,95.1,0.0,224.53,58.46,1,1,0.0
41,5,103.98,42.0,112.92,58.61,1,1,1.0
41,7,450.0,78.8,193.86,85.39999999999999,1,1,1.0
41,4,310.23,0.0,393.37,109.53,1,1,0.0
41,3,95.1,0.0,224.53,58.34,1,1,0.0
42,5,90.12,40.5,112.18,56.0,1,1,1.0
42,7,426.78,75.71,187.30000000000007,83.05,1,1,1.0
42,4,310.0,0.0,393.6,109.37,1,1,0.0
42,3,95.1,0.0,224.53,58.22,1,1,0.0
43,5,76.26,39.0,111.43999999999998,53.400000000000006,1,1,1.0
43,7,403.55,72.62,180.74999999999994,80.69999999999999,1,1,1.0
43,4,309.77,0.0,393.83000000000004,109.2,1,1,0.0
43,3,95.1,0.0,224.53,58.11,1,1,0.0
44,5,65.02,36.76,109.17999999999999,52.910000000000004,1,1,1.0
44,7,380.33,69.54,174.2,78.34999999999998,1,1,1.0
44,4,309.53,0.0,394.07000000000005,109.04,1,1,0.0
44,3,95.1,0.0,224.53,57.99,1,1,0.0
45,5,53.78,34.51,106.91999999999999,52.42000000000001,1,1,1.0
45,7,357.1,66.45,167.64999999999998,75.99999999999999,1,1,1.0
45,4,309.3,0.0,394.3,108.87,1,1,0.0
45,3,95.1,0.0,224.53,57.87,1,1,0.0
46,5,42.55,32.26,104.64999999999999,51.940000000000005,1,1,1.0
46,7,333.88,63.36,161.10000000000002,73.64999999999999,1,1,1.0
46,4,309.07,0.0,394.53000000000003,108.71,1,1,0.0
46,3,95.1,0.0,224.53,57.75,1,1,0.0
47,5,33.93,30.39,100.16999999999999,50.81,1,1,1.0
47,7,310.65,60.27,154.55,71.29999999999998,1,1,1.0
47,4,308.83,0.0,394.77000000000004,108.54,1,1,0.0
47,3,95.1,0.0,224.53,57.63,1,1,0.0
48,5,25.32,28.52,95.68,49.68000000000001,1,1,1.0
48,7,287.43,57.19,148.0,68.95,1,1,1.0
48,4,308.6,0.0,395.0,108.38,1,1,0.0
48,3,95.1,0.0,224.53,57.52,1,1,0.0
49,5,15.95,27.02,95.3,48.93000000000001,1,1,1.0
49,7,264.2,54.1,141.45,66.6,1,1,1.0
49,4,308.37,0.0,395.23,108.21,1,1,0.0
49,3,95.1,0.0,224.53,57.4,1,1,0.0
50,5,6.59,25.52,94.91,48.18000000000001,1,1,1.0
50,7,249.35,52.19,137.78,65.45,1,1,1.0
50,4,308.13,0.0,395.47,108.05,1,1,0.0
50,3,95.1,0.0,224.53,57.28,1,1,0.0
51,5,0.0,24.02,88.0,48.18000000000001,1,1,1.0
51,7,234.51,50.28,134.10000000000002,64.28999999999999,1,1,1.0
51,4,307.9,0.0,395.70000000000005,107.88,1,1,0.0
51,3,95.1,0.0,224.53,57.16,1,1,0.0
52,5,0.0,22.9,78.45,47.63,1,1,1.0
52,7,219.66,48.37,130.42,63.14000000000001,1,1,1.0
52,4,307.67,0.0,395.93,107.72,1,1,0.0
52,3,95.1,0.0,224.53,57.04,1,1,0.0
53,5,0.0,21.77,68.9,47.08,1,1,1.0
53,7,204.81,46.46,126.75,61.99,1,1,1.0
53,4,307.43,0.0,396.17,107.55,1,1,0.0
53,3,95.1,0.0,224.53,56.93,1,1,0.0
54,5,0.0,20.65,59.35,46.53000000000001,1,1,1.0
54,7,189.97,44.55,123.07000000000002,60.83,1,1,1.0
54,4,307.2,0.0,396.40000000000003,107.39,1,1,0.0
54,3,95.1,0.0,224.53,56.81,1,1,0.0
55,5,0.0,19.53,49.8,45.97,1,1,1.0
55,7,175.12,42.65,119.38999999999999,59.669999999999995,1,1,1.0
55,4,306.97,0.0,396.63,107.22,1,1,0.0
55,3,95.1,0.0,224.53,56.69,1,1,0.0
56,5,0.0,19.53,41.6,45.97,1,1,1.0
56,7,160.27,40.74,115.72,58.51,1,1,1.0
56,4,306.73,0.0,396.87,107.06,1,1,0.0
56,3,95.1,0.0,224.53,56.57,1,1,0.0
57,5,0.0,19.53,31.1,45.97,1,1,1.0
57,7,145.42,38.83,112.05000000000004,57.36,1,1,1.0
57,4,306.5,0.0,397.1,106.89,1,1,0.0
57,3,95.1,0.0,224.53,56.45,1,1,0.0
58,5,0.0,19.53,21.4,45.97,1,1,1.0
58,7,130.58,36.92,108.36999999999998,56.209999999999994,1,1,1.0
58,4,306.27,0.0,397.33000000000004,106.73,1,1,0.0
58,3,95.1,0.0,224.53,56.34,1,1,0.0
59,5,0.0,19.53,12.4,45.97,1,1,1.0
59,7,115.73,35.01,104.68999999999998,55.050000000000004,1,1,1.0
59,4,306.03,0.0,397.57000000000005,106.56,1,1,0.0
59,3,95.1,0.0,224.53,56.22,1,1,0.0
60,7,100.88,33.1,101.02000000000001,53.9,1,1,1.0
60,4,305.8,0.0,397.8,106.4,1,1,0.0
60,3,95.1,0.0,224.53,56.1,1,1,0.0
